0.02  -17  -15
0.06  -15  -13
0.10  -16  -15
0.14  -14  -9
0.18  -12  -12
0.22  -12  -19
0.26  -11  -15
0.30  -9  -16
0.34  -24  -12
0.38  -34  -13
0.42  -5  -20
0.46  -14  -13
0.50  -3  -6
0.54  -15  -19
0.58  -10  -18
0.62  -7  -36
0.66  -9  -41
0.70  -23  -46
0.74  -37  -38
0.78  -80  10
0.82  -102  -2
0.86  -66  -6
0.90  -128  -66
0.94  -107  -20
0.98  -44  1
1.02  -41  -2
1.06  -55  -13
1.10  -60  -22
1.14  18  -37
1.18  -83  -80
1.22  -75  -128
1.26  -24  -95
1.30  23  -128
1.34  11  -95
1.38  -45  -31
1.42  -43  -37
1.46  -35  -22
1.50  -70  50
1.54  -101  -38
1.58  -128  -23
1.62  -82  -4
1.66  -4  17
1.70  -84  12
1.74  -48  -16
1.78  -58  -39
1.82  -20  -57
1.86  54  -71
1.90  -34  -128
1.94  58  -128
1.98  43  -72
2.02  34  9
2.06  -25  -25
2.10  -57  -34
2.14  -40  -7
2.18  -60  66
2.22  -123  -9
2.26  -128  -49
2.30  -65  -36
2.34  42  51
2.38  -37  18
2.42  -56  -29
2.46  -54  -42
2.50  -15  -53
2.55  -65  -84
2.59  -14  -128
2.63  49  -128
2.67  29  -66
2.71  28  -128
2.75  -8  -80
2.79  -39  -48
2.83  -32  -23
2.87  -60  101
2.91  -116  -39
2.95  -128  35
3.00  -74  -44
3.04  -128  62
3.08  -128  44
3.13  -72  -21
3.17  -63  -27
3.22  -41  -20
3.26  38  -62
3.30  -46  -117
3.35  -16  -128
3.39  32  -52
3.43  39  -128
3.48  0  -128
3.52  -44  -61
3.57  -43  -93
3.61  -42  9
3.65  -71  -77
3.70  -128  -128
3.75  -128  -21
3.79  -54  33
3.84  39  35
3.88  -40  8
3.92  -51  -15
3.96  -64  -21
4.01  60  -51
4.05  -83  -85
4.10  -75  -128
4.14  -2  -128
4.19  18  -33
4.24  30  14
4.28  -26  -128
4.32  -41  -63
4.37  -21  -35
4.42  -38  2
4.46  -88  -89
4.50  -127  -2
4.55  -128  -56
4.60  -128  42
4.64  -95  44
4.69  -70  -17
4.73  -56  -13
4.77  -46  -21
4.81  50  -59
4.86  11  -95
4.91  -52  -128
4.95  -11  -114
5.00  37  -128
5.04  22  11
5.09  -57  -29
5.13  -66  -36
5.17  -57  -40
5.21  -69  76
5.26  -128  -110
5.30  -128  -69
5.34  -64  11
5.39  -128  62
5.43  14  51
5.47  -88  7
5.52  -58  4
5.57  -53  -30
5.61  42  -43
5.65  -37  -62
5.69  -27  -128
5.73  19  -119
5.77  36  23
5.81  27  76
5.86  -56  -12
5.91  -40  -27
5.96  -23  -26
6.00  -60  8
6.05  -67  3
6.09  -128  -14
6.13  -128  -14
6.18  -128  12
6.22  87  33
6.26  -5  29
6.30  -33  -16
6.34  -23  -33
6.39  -8  -46
6.44  -23  -55
