-29 -18
-44 32
-29 15
-42 -57
-48 -21
-31 20
44 -52
81 -128
90 -128
70 -128
18 -28
-30 -28
-16 -54
-83 88
-128 21
-128 -128
-12 53
-33 29
-31 -22
-6 -8
127 -74
34 -128
127 -128
76 -128
-29 -128
-11 -112
6 53
-39 -128
-128 49
-128 81
-110 63
54 21
-12 -60
84 18
-97 -128
61 -128
109 -128
50 -41
22 40
-43 -46
3 37
-48 -108
-127 22
-128 65
-128 81
-21 -4
-18 -56
-11 -4
127 -79
8 -128
91 -128
88 -128
24 -91
-46 -98
14 64
-27 -128
-128 53
-128 56
-101 47
-21 39
-50 -31
15 7
127 -34
118 -52
45 -128
94 -115
22 -128
-55 -42
-18 -55
5 127
-40 -120
-128 18
-128 45
28 54
-17 -12
-24 -43
26 -16
93 -49
-41 -128
69 -128
75 -63
49 -128
-42 -128
-14 -68
-2 127
-63 -25
-128 28
-128 41
-30 52
-53 -21
-35 -39
46 -27
28 -73
-47 -128
82 -128
91 -128
79 -128
-52 -105
4 -73
-18 127
-119 13
-128 21
-83 57
-128 2
-128 -46
-2 -59
82 -9
82 -9
82 -9
82 -9
62 -128
17 1
-31 -82
9 15
-34 -128
-128 37
-128 79
-112 36
-128 44
14 -5
-98 -28
-98 -28
-98 -28
-98 -28
-98 -28
-98 -28
-98 -28
-98 -28
-98 -28
-98 -28
34 -128
-31 50
-128 13
-128 -20
-128 -20
124 0
-58 -121
-58 -121
-58 -121
-58 -121
-58 -121
-58 -121
0 86
-26 -128
-30 -55
-30 -55
-30 -55
-30 -55
-30 -55
-30 -55
-30 -55
-30 -55
-30 -55
-30 -55
-30 -55
-30 -55
-30 -55
-30 -55
-30 -55
-30 -55
-30 -55
-30 -55
-30 -55
-30 -55
-30 -55
107 -19
-128 -122
55 -128
108 -128
98 -128
2 -104
-25 -101
12 78
-28 -128
-128 43
-128 43
-123 42
-128 -2
-78 -54
-29 3
127 -39
-48 -119
52 -128
74 -128
70 -128
22 58
-11 -67
-12 74
-11 42
-128 38
-128 93
81 55
-128 9
-24 -60
-35 -34
69 -37
35 -128
35 -128
94 -128
88 52
32 49
-34 -85
4 -61
-2 37
-57 -128
-128 6
-126 36
-128 39
-30 36
-24 -46
2 -5
-5 -72
43 -128
47 -128
43 -128
-11 -128
-44 -17
-22 -35
-3 -29
-21 -22
-59 -23
-56 -19
-40 -13
-18 -15
-65 -18
-90 30
-3 -11
56 -83
39 -128
77 -128
63 -20
-2 -73
-35 -51
-22 -45
2 -58
-54 90
-128 -49
-128 29
118 29
-39 6
-55 -26
-7 -31
107 -68
-52 -103
53 -128
70 -110
61 -117
-15 -100
-18 -66
-16 47
-44 -128
-128 24
-128 39
-128 46
-11 -2
-32 -29
13 -15
126 -35
-15 -118
65 -128
50 -128
66 -128
-28 -66
-6 -70
5 127
-83 22
-128 3
-128 40
-128 49
4 17
-24 -64
9 -18
106 -19
-23 -128
64 -128
96 -128
67 -128
22 127
-19 -46
6 58
-108 -88
-128 -19
-117 43
-48 49
-38 14
-41 -48
8 -7
127 -35
-28 -128
44 -128
54 -67
53 -128
-34 -38
-5 -29
-2 77
-60 -128
-128 2
-128 37
84 72
-11 18
-53 -29
-14 -17
127 -28
-42 -110
78 -128
71 -128
62 -128
-27 -85
-16 -78
8 52
-31 -128
-128 42
-128 44
65 77
9 9
-50 -46
19 -13
127 -49
-21 -128
43 -128
74 -112
78 -128
-35 -48
-7 -54
0 51
-43 -128
-128 38
-128 18
127 44
28 38
-41 -52
15 6
127 -27
-2 -118
5 -128
91 -128
55 -128
6 -66
-34 -34
5 46
-35 -69
-128 -4
-128 27
-90 25
-128 11
-84 -58
-58 -14
56 -2
-59 -125
36 -128
60 -128
52 -128
46 -7
-19 -56
2 -91
-5 117
-94 -11
-128 -15
-123 69
-128 18
-92 -17
-43 4
90 -42
1 -67
27 -128
76 -128
69 -14
28 22
-28 -127
-2 -87
-15 127
-98 -37
-128 9
-116 34
20 38
-78 -17
-31 -32
67 -33
-79 -64
25 -128
62 -128
51 127
61 -48
-37 -128
-20 -69
30 127
-85 -70
-128 53
-128 30
-128 49
-128 23
-37 -39
29 -13
46 -63
-78 -128
32 -128
90 -128
50 -27
-11 -79
-20 -60
-6 -79
-71 -128
-128 22
-128 33
-128 48
-69 15
-22 -40
-29 -5
87 -57
-24 -128
52 -128
55 -128
61 -128
-54 -73
-5 -48
6 -30
-31 -5
-128 48
-128 -28
-57 36
41 2
-75 -52
-31 -19
78 -12
-30 -78
45 -128
79 -128
61 -7
38 -128
-63 -119
-12 -78
23 -56
-71 100
-128 -31
-128 -15
-53 30
-128 33
-28 -43
-42 -25
41 -21
91 -63
-54 -128
25 -128
38 -76
28 -126
-20 -128
-8 -67
16 63
4 -58
-50 -41
-128 18
-128 42
-111 41
127 33
16 -9
-12 -84
3 -36
26 -128
41 -128
39 -104
-24 127
19 -128
-43 -42
-10 -25
-128 -25
-103 12
-46 -30
-9 -18
61 -56
43 -121
25 -128
45 -128
58 -128
14 -5
-41 -68
3 -104
25 127
-85 -15
-128 -13
-128 32
-128 30
-112 8
-39 -7
98 -33
-8 -87
-3 -128
101 -128
63 -121
35 38
-57 -112
6 -9
-28 -128
-120 62
-128 55
-92 10
-128 26
-98 -5
-56 -31
-15 -46
127 -31
-31 -113
60 -128
59 -128
50 -46
-20 -95
-23 -78
12 17
-11 -91
-76 36
-128 77
-93 24
-128 25
-59 -24
-57 -6
65 -13
-46 -128
-37 -128
68 -128
50 -36
52 -5
-29 -119
-9 -54
-4 95
-85 13
-128 -25
-70 24
-128 62
-70 -11
-49 -30
9 -10
49 -88
-12 -128
62 -128
64 -99
46 -22
-34 -84
4 -69
12 127
-54 -76
-128 18
-128 42
-38 24
-75 17
-47 -52
9 -19
127 -2
-23 -126
12 -128
77 -93
58 -128
-40 -128
-9 -17
-9 127
-59 -128
-128 11
-128 30
-26 63
-47 17
-44 -42
-26 12
123 -5
-34 -128
68 -128
80 -128
76 -20
-24 -58
-12 -79
-4 113
-51 -128
-98 -26
-128 49
127 37
-7 -15
-88 -62
33 2
123 -64
123 -64
123 -64
123 -64
58 -128
-38 -128
1 -78
-1 -107
-1 -107
-1 -107
-128 52
-128 54
106 43
-69 -61
-27 8
-27 8
66 -48
66 -48
66 -48
55 -128
-44 -101
-17 -58
-2 94
-32 -74
-32 -74
-32 -74
-32 -74
-32 -74
-25 -52
69 -32
39 -38
-5 -127
47 -128
66 -82
77 -128
-25 -123
0 -12
-17 -13
-26 83
-128 76
-128 -9
-68 41
43 -47
-99 -32
-50 -26
97 -26
-48 -119
99 -128
68 -128
59 -128
-27 67
-16 -46
7 17
-14 -28
-110 -5
-128 -20
-33 42
-128 26
-53 -2
-69 -57
63 -26
-7 -113
36 -128
81 -128
80 -44
10 96
-19 -90
0 -96
0 -97
-112 -35
-128 24
-47 32
-128 36
-63 -2
-60 -16
34 -8
76 -71
-7 -113
14 -128
68 -37
52 -38
-22 -65
-26 -74
-9 -57
-2 79
-115 -12
-128 27
-86 58
-128 36
-128 28
-30 -38
3 -21
10 -58
-35 -128
49 -128
87 -38
40 127
-41 -128
-9 -54
-3 -41
-33 -49
-128 1
-115 8
45 24
127 13
-30 -36
-26 -4
11 89
-2 -19
24 -54
12 7
-64 64
-128 5
-128 53
-128 15
-89 -2
-42 -16
-33 -19
127 -115
-3 -128
-31 -128
80 -88
26 -115
-27 -128
-2 -53
9 98
-70 -31
-128 -2
-128 67
-128 67
-95 37
9 -28
52 -34
-124 -41
15 -128
91 -128
38 6
64 -128
-22 -128
3 -75
25 127
-60 -24
-128 -19
-128 70
-128 38
-95 19
-43 -24
-12 -18
127 -5
19 -128
40 -128
56 -69
83 -128
-28 46
11 -39
19 49
-31 -118
-128 -41
-128 27
127 16
17 62
-107 1
-10 -28
127 12
-51 -128
26 -128
44 -128
74 127
6 127
30 -128
35 -9
-56 -128
-128 -50
-128 15
-47 30
127 38
-47 -29
-40 2
112 12
-104 -128
18 -122
92 -128
33 -82
60 -128
-23 -128
8 -52
41 32
-51 -128
-128 -35
-128 20
-128 45
-119 86
-39 -12
6 20
44 10
-15 -74
18 -128
56 -128
68 122
46 127
5 -128
5 -60
-7 -87
-128 36
-128 20
-119 6
-128 44
-109 35
-56 24
16 -14
-65 15
-33 -128
36 -128
50 -123
53 -128
-26 43
5 -13
4 -94
-12 -128
-113 27
-128 12
-118 19
-128 30
-94 19
-35 19
47 -6
-128 -8
-10 -128
23 -128
33 -125
52 127
-21 41
24 -96
17 -123
7 127
-98 -47
-128 14
-119 26
-128 30
-28 22
-29 -12
6 -37
-72 -12
-2 -128
47 -128
37 -120
58 -128
29 35
12 -55
17 26
18 94
-128 -33
-128 -16
-128 15
-128 23
-128 60
-53 -10
36 19
-82 -71
-30 -128
48 -128
21 -120
39 -128
-62 0
-5 -13
23 -13
-50 77
-128 -21
-128 -36
-27 35
-23 15
-15 -44
-47 -8
107 -34
-77 -86
20 -128
58 -128
47 -88
55 -128
-45 -60
-16 -66
11 32
-83 -128
-128 43
-128 33
127 36
-69 31
-6 -62
-53 24
127 -40
56 -113
12 -128
60 -128
40 127
44 64
-36 -128
1 -96
24 97
-126 -8
-128 -24
-104 35
-128 47
-80 -22
-35 -34
25 -21
1 -82
-19 -128
43 -128
45 8
55 47
-36 -91
-4 -99
-19 114
-45 -109
-128 3
-128 55
-128 34
-116 10
-62 -36
-2 -22
127 -56
2 -128
43 -128
82 -82
70 -11
-14 -78
-6 -69
1 -66
-60 60
-37 45
-55 13
2 -128
118 -128
127 -128
14 -128
21 -48
65 -77
-128 121
-128 49
-128 49
-87 -24
-51 33
127 -58
40 -128
64 -128
113 -128
50 -128
25 -54
-128 77
-128 108
-128 120
54 36
-47 57
127 -110
91 -128
127 -128
110 -128
19 -128
13 121
-128 -128
-128 127
-128 112
-128 39
25 22
-128 -85
80 -128
127 -128
16 -128
-17 -128
-128 127
-128 -128
-128 127
-128 127
-128 32
127 -12
-128 -128
127 -128
115 -128
44 90
15 -128
-128 59
-128 -34
-128 127
34 -54
60 20
-3 98
127 -128
127 -128
64 -128


