3 -8
4 -10
4 -12
4 -8
5 -8
3 -13
2 -11
4 -13
3 -14
5 -14
5 -14
4 -15
4 -17
12 -15
18 -13
5 -13
-14 -15
14 -11
24 -13
12 -13
-2 -17
-2 -13
-10 -9
-17 -11
-37 -9
-53 -18
-19 -15
-54 -11
0 -12
-2 -13
4 -27
3 -41
2 -9
2 -8
3 -19
0 -18
-3 -26
-4 -38
11 -53
-1 -89
-3 29
-3 -35
-5 -32
18 -20
-35 -11
-33 -13
14 -8
2 -14
-3 -6
-13 -11
-16 -19
-46 -13
-89 -2
-93 -5
59 -11
-17 -23
-2 4
12 -43
-5 -49
2 8
1 4
1 -4
0 -18
-3 -24
-3 -39
9 -108
10 -107
4 127
-7 -70
13 -54
-27 -5
10 -3
10 -9
11 -11
-6 -8
-13 -8
-10 -10
-31 -6
-75 -3
-80 -7
127 -10
-19 -17
-14 10
20 -41
-12 -69
2 -5
-3 -10
1 -9
-5 -10
-4 -23
-4 -26
-4 -37
-4 -37
-4 -37
-4 -37
-4 -37
-4 -37
-61 -24
27 -14
27 -14
27 -14
27 -14
27 -14
27 -14
-18 -16
-18 -16
-18 -16
-18 -16
-18 -16
-84 2
-84 2
-84 2
0 1
-1 -10
-3 -19
-3 -28
7 -71
9 -90
4 -67
0 -128
8 -28
-4 -7
5 -18
27 -15
19 -4
8 -22
-7 -13
-14 -20
-49 -11
-91 -6
-92 -7
-102 -18
-88 -8
9 33
-10 -25
1 -58
-1 0
-3 -9
-3 -13
-5 -24
-2 -43
-2 -93
2 -128
1 127
9 -128
-5 -15
-35 -4
43 -9
24 -7
19 -10
-6 -15
-13 -4
-23 -16
-65 -3
-90 4
-89 -6
127 -21
-15 3
-16 -6
6 -31
-11 -46
1 10
-5 -9
-4 -9
-5 -24
-6 -44
3 -45
1 -111
-8 -8
-2 -128
-4 -19
4 -21
24 -19
-7 -15
23 -5
7 -21
-3 -16
-14 -15
-42 -10
-86 -5
-83 -9
127 -10
12 -18
-4 18
-1 -26
-2 -3
7 -5
-3 15
1 -16
-2 -21
6 -42
5 -128
14 -127
-2 -45
-6 -83
28 -44
-11 -6
3 -8
-55 -15
9 -10
1 -20
-8 -14
-15 -12
-20 -8
-55 -8
-100 -9
67 -11
67 -11
126 -19
-6 -40
-13 2
-6 26
-4 -3
-3 -8
-7 -20
-10 -41
-2 -59
8 -66
-7 -57
0 127
-2 -128
-9 -58
-14 -11
31 -31
-1 -11
8 -23
-7 -14
-14 -16
-43 -15
-84 -15
-61 -14
-16 -26
-51 -18
65 -36
-25 -1
-6 -83
4 9
-10 20
-7 11
-9 -41
-8 -30
-10 -42
-5 -91
-3 -75
-2 -58
15 106
21 58
-23 -4
-29 -7
-7 -17
-16 -19
-18 -14
-18 -9
-25 -6
-36 -13
-54 -8
-26 -9
-90 -12
-15 -13
-128 -16
11 -12
-2 -31
-7 -74
2 7
0 -11
-3 -8
-5 -18
-6 -23
-4 -28
-10 -50
3 -103
-7 -97
3 -98
31 5
-21 0
-106 -20
-10 -10
-16 -30
-9 -22
-5 -5
-14 -8
-20 -17
-36 -9
-51 -14
-67 -13
-46 -21
127 -11
80 -23
-61 6
2 -49
-5 -43
5 -17
-2 -15
2 -6
2 -4
-5 -12
-15 -33
-14 -51
-4 -98
-4 -114
1 127
12 -128
20 -6
-26 -10
-96 -21
-26 -13
-23 -8
-7 -14
-3 -11
-1 -4
-16 -13
-43 -9
-55 -6
-74 -13
-58 -21
-128 -2
22 -24
0 20
5 -75
-2 -45
3 -5
-4 4
-3 27
7 14
-2 -28
1 -62
1 -52
-1 -99
-2 -128
3 16
17 -128
44 -13
-25 -12
-60 -9
-20 -10
-15 -11
-8 -9
-7 -9
-15 -16
-16 -9
-31 -17
-54 -23
-68 -18
-55 -15
-128 -24
-20 -21
-16 -63
-4 -128
-3 3
-4 -22
-4 6
-4 -5
-6 -11
-1 -22
-7 -50
-4 -121
-4 -111
8 127
13 -128
2 -54
-53 13
14 -19
5 -15
-1 2
4 -16
-16 -11
-20 -10
-53 -12
-99 -15
-110 -10
-128 -16
-84 -14
1 -9
-9 -3
-2 -3
0 32
0 -4
-5 2
-5 -34
-1 -43
6 -120
1 -85
7 68
24 -21
-8 -3
-24 -11
26 -16
0 -14
-3 -14
-12 -15
-11 -7
-51 -5
-94 5
-108 -13
127 -20
-40 -5
0 10
-2 -40
-8 -69
1 3
-5 -15
0 -10
-6 -10
-10 -20
-4 -73
0 -128
2 -94
21 -94
15 -6
-21 -9
-14 -2
21 -14
-2 -9
-10 -12
-11 -11
-17 -10
-17 -12
-20 -7
-29 -7
-45 -17
-38 -22
6 -23
-108 -15
-37 24
11 -31
-22 -2
-9 8
-5 -16
-7 -14
-5 -25
-4 -28
-7 -28
-3 -34
-1 -74
5 -99
-6 -97
17 127
-15 65
-11 5
-27 -33
15 -27
20 -14
-8 -19
-6 -17
-13 -22
-10 -21
-10 -21
-85 -11
-87 -23
-84 -16
-22 -12
-31 2
5 -17
-4 -35
2 -20
3 2
0 2
-1 -21
-8 -41
5 -54
10 -91
4 -95
-4 -73
2 -97
60 23
-38 -19
-89 -17
20 -21
8 -1
2 -11
-15 -18
-10 -15
-28 -10
-70 -11
-96 -9
127 -20
-45 -21
-15 4
30 -50
-6 -115
-2 40
-2 -13
-3 -13
-2 -32
-3 -30
7 -99
10 -94
3 -91
1 127
34 -23
9 -44
-1 -17
-37 -20
-5 -18
-11 -19
-14 -18
-19 -15
-21 -13
-29 -13
-53 -15
-28 -19
-102 -12
-63 -9
39 -12
-49 -51
-14 -31
-10 16
-6 16
-7 -16
-6 -26
-10 -13
-7 -18
-3 -29
-5 -70
-4 -98
-8 -60
-11 127
5 -87
10 -23
-39 -21
-17 -2
-22 -12
7 -9
2 -10
-10 -15
-9 -14
-16 -7
-49 -6
-97 -10
-74 -27
-53 -17
-77 -8
-28 -27
-4 -86
-6 -6
4 2
2 15
-2 9
-5 -13
-7 -26
-1 -34
1 -109
-5 -122
6 127
13 -107
3 -71
-7 2
-11 -24
16 -17
3 -4
11 -15
14 -15
-14 -8
-22 -11
-109 -8
-95 -19
-124 -21
-9 -12
-105 -38
-19 -83
-10 -10
-2 13
-6 21
-6 23
-8 -13
-11 -27
-11 -56
-8 -124
-4 -110
14 127
26 -128
-44 -62
-77 -8
-21 -23
-22 -15
-21 -19
-15 -19
-19 -11
-27 -5
-34 -7
-61 -16
-57 -15
-11 -27
8 -31
127 -15
49 -18
-68 -24
4 -32
8 22
3 -5
0 -5
-3 -42
-13 -54
-15 -68
-15 -78
-3 -63
-6 -65
-6 -65
-7 -58
-10 -47
15 123
18 -104
-11 -75
-30 -16
-6 -18
-34 -10
-35 -8
-24 -13
-7 -20
-14 -9
-24 -13
-50 -10
-51 -8
-42 -16
-16 -19
127 -19
-125 13
-48 33
-7 -37
-7 -37
3 -27
-4 -16
-5 -16
-5 -16
-5 -25
-4 -33
-4 -33
-8 -93
-8 -93
-8 -93
-8 -93
-8 -93
-8 -93
-8 -93
-8 -93
-8 -93
-8 -93
-8 -93
-8 -93
-8 -93
-8 -93
-8 -93
-8 -93
-8 -93
-128 -16
-21 15
-29 -26
-10 -37
-2 -7
3 -19
-5 -14
-2 -8
-5 -38
-6 -28
-9 -35
-4 -55
-6 -102
-5 -104
-6 -70
2 65
17 -64
-26 -48
-26 -4
2 -21
23 -10
-3 -18
-5 -13
-17 -17
-21 -16
-21 -14
-21 -14
-69 -26
-28 -24
4 -10
-75 15
5 -20
-10 -85
-6 -2
-2 -5
-3 -8
-6 -17
-8 -24
-5 -42
5 -113
4 -128
2 -91
8 127
27 29
-8 -75
7 -9
-19 -26
-10 -6
-15 -19
-22 -21
-14 -7
-23 -23
-48 -11
-84 -18
-128 -10
-115 -12
113 -15
-23 -31
-8 16
-5 -76
-11 14
-9 -21
-7 -24
-4 -24
0 -28
-6 -28
0 -58
0 -83
-4 -86
4 -77
17 -79
64 -3
-8 -14
-88 -10
-24 -10
-24 -8
-8 -11
-14 -12
-19 -10
-18 -8
-27 -14
-56 -16
-76 -16
-59 -21
-94 -13
-17 -19
-22 22
-20 -46
-6 -3
-6 -14
-4 -26
-8 -21
-8 -27
-13 -30
-2 -53
-3 -95
-1 -94
-7 -76
12 -106
22 24
-7 -14
-42 -5
-22 -21
-21 -12
-2 -13
4 -24
-9 -5
-13 -7
-23 -8
-46 -16
-50 -18
-49 -20
127 -21
-11 -15
-82 9
-9 -22
-15 -69
-7 -27
-5 -39
2 -23
-6 -8
-13 -21
3 -33
-10 -61
1 -90
0 -85
-3 -57
13 -128
18 33
-12 -14
-20 -14
4 -19
-17 -13
-6 -15
-11 -21
-11 -14
-10 -15
-13 -10
-56 -12
-110 -18
-79 -17
-128 -19
-76 -36
-7 -9
-12 -103
-5 -9
3 0
4 2
1 -8
-5 -33
-4 -47
6 -45
8 -98
8 -91
-8 78
13 -92
48 -73
-22 3
-75 -24
-5 -16
-6 -14
-6 -15
-8 -19
-8 -13
-8 -7
-22 -6
-87 -15
-95 -13
106 -14
-18 -16
-16 18
2 -68
-14 -16
-7 -14
-6 -22
-3 -18
-4 -5
-4 -13
2 -23
-8 -49
-5 -113
-8 -97
1 81
17 -119
2 -41
-25 -12
12 -16
-13 -5
-6 -12
-3 -14
-8 -17
-17 -17
-12 6
-76 2
-83 -9
-71 -18
-128 -31
-4 -7
-33 -3
-13 -49
-12 -29
-4 -3
-9 -6
-3 -7
-12 -15
-14 -15
-7 -44
2 -103
1 -110
0 127
10 -128
10 -32
-2 -21
-35 4
9 -13
-9 -25
-8 -21
-6 -19
-7 -20
-15 -32
-60 9
-92 3
-82 2
49 -26
17 -23
-15 17
-16 -24
-19 -90
-20 6
-14 -4
-11 -8
-8 -20
-16 -24
-7 -37
4 -97
2 -104
6 127
6 36
6 -64
-19 1
-52 -37
4 -26
7 -25
-2 -23
-5 -16
-5 -18
2 -11
-61 -20
-66 -15
88 -16
-21 -15
-79 8
17 -22
-20 15
-9 -20
-13 -11
-8 -45
-3 -7
-11 -22
-3 -65
3 -94
4 -95
3 -75
1 -61
2 -128
7 -48
6 -19
6 -19
-65 -21
-97 -25
-17 -20
-25 -14
-28 -17
-25 -10
-89 -5
-120 -5
-36 -13
-81 -16
-75 -39
-8 21
-21 14
-17 14
-4 16
-6 -18
-11 -26
-8 -27
4 -69
4 -110
8 -79
9 127
70 60
-4 -38
-58 -12
-1 -12
-15 -20
-19 -9
-27 -16
-40 -14
-38 -2
-32 -9
-35 -6
-52 -15
-47 -17
-51 -21
-128 -10
-118 -30
-15 -37
-26 -34
-11 33
-12 -20
-6 -20
-7 -23
-5 -16
-9 -24
-6 -33
-9 -77
1 -128
2 1
3 -82
17 -128
-11 15
-86 -45
25 -19
1 -25
1 -19
2 -10
-4 -19
-10 -9
-73 -20
-114 -9
57 -12
6 -19
-38 20
4 -11
-20 -11
-9 4
-12 -5
-3 -16
-7 -7
-12 -24
8 -33
1 -112
2 -128
8 127
12 -97
50 -32
4 -5
-74 -12
15 -9
10 -18
4 -16
-7 -17
-13 -22
-15 2
-79 -11
-123 -9
-81 -17
-128 -14
-106 31
4 -49
-12 -65
-4 7
-7 -3
-4 -10
-2 -8
-3 -15
-8 -31
-3 -103
3 -123
9 28
21 -128
11 -48
7 -16
1 -26
5 -26
-9 -6
-7 -18
-7 -13
-10 -5
-46 -3
-65 -3
-72 -6
46 -27
-117 -25
-42 49
-5 -42
-10 -65
7 -44
-4 -13
4 13
2 -10
0 -7
-13 -34
-10 -28
-7 -62
-3 -118
-1 -34
-1 -34
-1 -34
-1 -34
-1 -34
-1 -34
-1 -34
18 -18
22 -18
22 -18
22 -18
22 -18
22 -18
22 -18
-17 -17
-118 -18
-118 -18
-17 -29
-9 -38
-11 -9
-5 -14
-8 -10
-11 -16
-10 -26
-5 -42
-5 -114
-2 -120
-2 -74
8 87
-9 16
18 -34
-16 -20
19 -26
17 -26
0 -16
-7 -20
-18 -17
-47 -8
-100 -9
-94 -12
73 -17
-114 1
-15 7
-22 -54
-7 -17
-7 -20
-7 4
-8 9
-11 0
-3 -20
-5 -30
-3 -108
-4 -128
6 -90
6 -128
16 17
20 -8
-10 -34
8 -24
-19 -18
0 -8
3 -28
-15 -15
-27 -6
-91 -5
-107 -12
127 -30
26 -6
-101 44
10 -64
-18 -101
-5 -14
-8 0
-5 -4
-7 -12
-10 -28
-2 -47
-2 -128
0 -128
3 -66
4 18
19 13
-29 -2
-116 -26
2 -21
-7 -16
-6 -19
-2 -15
-12 -10
-16 -7
-101 6
-128 -12
127 -23
23 -27
-7 42
11 -42
-19 -85
-12 16
-12 -1
-4 -12
-12 -21
-13 -33
-8 -59
14 -128
4 -86
7 127
15 -128
33 -103
27 5
-60 -33
-10 -30
-8 -22
-3 -11
0 -19
-11 -3
-25 -6
-65 4
-74 -2
-54 -19
-9 -28
-50 -24
-27 -22
-19 -34
-14 -80
-6 -35
-10 -17
-7 -13
-10 -4
-5 -45
5 -92
12 -103
5 -86
79 91
103 -123
-37 -3
-27 -19
-26 -26
-35 -19
-36 -19
-41 -9
-49 -13
-38 -23
-34 -2
-57 -4
-111 -5
-128 -12
-128 -12
-16 -45
-47 -32
-23 -30
-19 -19
-10 -19
-12 -13
-12 -7
-14 -13
-10 -20
-9 -82
-6 -128
-3 -102
10 -83
43 -9
-15 -17
-15 -37
-9 -25
-10 -13
-7 -19
-5 -27
-11 -2
-15 -4
-52 -22
-112 -16
-68 -13
-128 -13
-40 34
-7 -86
-16 -10
0 -19
-12 -17
-4 -19
-2 -4
-8 -12
10 -22
7 -128
8 -128
-5 -100
13 -128
91 69
36 -4
-115 -37
-6 -18
-18 -6
-11 -16
-7 -16
-20 -5
-49 -5
-125 -7
-100 -16
-73 -23
127 -35
52 5
-11 -36
-8 -123
-7 -4
-3 3
-4 -14
-6 -30
-12 -36
4 -62
1 -128
3 -128
10 127
11 -128
-10 -70
-4 0
-18 -20
-10 -23
-6 -8
-11 -19
-22 -17
-19 -17
-84 6
-95 -11
-56 -18
-128 -21
-57 3
15 -20
-4 -19
-4 -43
-3 4
-3 -6
-3 -23
-5 -21
-5 -26
7 -128
-4 -128
4 127
19 -128
65 127
3 -12
-54 -1
-20 -28
-12 -11
-14 -14
-9 -27
-4 -19
-34 -10
-128 -4
-88 -15
-128 -18
127 -11
37 -45
-9 -13
-13 -44
-1 6
-3 -4
-7 -14
-10 -24
-9 -25
-7 -84
3 -113
0 -89
34 -58
94 126
-12 -58
-95 5
-16 -26
-4 -12
-5 -18
-11 -5
-9 -15
-23 -19
-85 -10
-82 -10
17 -7
-128 -19
-128 -17
-5 -22
-15 -8
-7 -43
-8 -10
-2 -3
-7 -12
-9 -24
-9 -36
3 -105
4 -110
5 80
19 -128
26 -31
8 27
-33 -23
9 -11
-14 -7
-18 -12
-5 -9
-10 -10
-32 -15
-53 9
-92 14
-93 20
-128 -12
-72 8
9 -19
-12 -10
-10 -58
-7 8
-1 -7
2 -13
-7 -21
-10 -32
5 -89
12 -128
8 -126
-7 127
9 111
8 -75
30 24
-55 -44
20 -10
-11 -23
-13 -12
-11 -20
-10 -6
-96 3
-104 6
127 -19
65 -42
-67 22
-14 -41
-13 -21
-5 -60
-2 15
-7 11
0 -15
4 -22
8 -30
14 -128
6 -128
-6 127
5 -128
37 25
8 51
-77 -37
1 -9
-5 -5
-4 -22
-5 -10
-11 -19
-29 -6
-93 2
-75 -11
127 -25
127 -23
7 -18
-19 -40
-4 -105
1 9
-1 -14
-3 -24
-4 -12
-5 -27
-6 -46
-4 -83
3 -107
7 127
13 -128
18 -116
-44 43
14 -32
21 -1
-28 -14
-8 -20
-12 -20
-22 -25
-36 -14
-46 -2
-33 -3
-79 -15
6 18
14 5
-15 -79
-13 -66
-3 -24
3 -36
0 -32
-2 12
-1 -9
-5 -31
-13 -22
-10 -93
-1 -128
13 127
20 -19
4 -109
1 -24
0 -18
39 -15
-3 -22
-11 -18
-6 -16
-6 -17
-64 -16
-128 -8
127 -21
-29 -28
-90 48
-18 -36
2 -13
14 -2
5 15
-2 -6
-2 -21
-2 -22
14 -97
26 -128
-2 -46
14 -128
60 66
-15 12
-107 -35
9 -14
-2 -14
-16 -22
5 -12
0 -12
-33 2
-115 -2
-77 -2
127 -31
122 -31
-14 1
2 -34
-10 -60
0 2
-4 -11
-4 -22
-3 -21
-6 -23
2 -60
5 -128
4 -98
0 -16
20 -128
51 27
-15 -40
-36 -10
-28 -31
-25 -11
-9 -20
-24 -20
-11 -17
-12 -4
-56 -9
-128 -12
-73 -3
-128 12
-114 24
13 -55
3 -71
11 -15
-4 2
-3 1
1 -9
-2 -12
-5 -22
-5 -22
8 -128
-5 -117
1 127
1 127
48 -32
48 -32
-2 -16
11 -16
4 -22
4 -22
4 -22
-17 -13
-83 -6
-96 -13
127 -15
127 -16
127 -16
-3 -44
-11 -88
-3 -31
1 -22
-2 -24
-3 -11
-4 -9
-7 -18
-8 -22
-2 -48
-2 -48
-2 -48
-2 -48
-2 -48
-2 -48
-2 -48
-2 -48
-2 -48
-2 -48
-2 -48
-2 -48
-2 -48
-2 -48
-2 -48
-2 -48
-2 -48
-2 -48
-2 -48
-2 -48
-2 -48
-5 -12
1 -22
-3 -13
-2 -10
-4 -10
-5 -21
-6 -39
-3 -72
5 -105
5 -86
-10 -76
10 127
21 -128
11 -40
9 13
-99 -21
21 -6
-14 -13
-8 -14
-6 -10
-12 -17
-12 -18
-15 -16
-30 -25
-52 -23
-56 -24
-24 -26
-128 -12
-61 20
-13 -49
-11 -114
-3 -18
-3 -18
-3 -7
-3 -10
-2 -35
-11 -37
-7 -49
2 -69
0 -96
-9 -78
-3 -41
22 127
26 25
-25 -77
-112 -35
-16 -22
-29 -20
-16 -7
-16 -11
-16 -11
-32 -20
-34 -23
-47 -25
-58 -19
-72 -21
-64 -11
127 -7
-128 -11
14 -11
-21 -128
-3 8
-6 -40
4 -31
0 -26
-1 -27
0 -34
-2 -38
-4 -59
-2 -96
-3 -77
2 -59
3 -29
56 -128
14 87
-24 -7
-48 -17
-35 -9
-47 -22
-50 -15
-42 -17
-35 -24
-22 -19
-3 -4
-28 -15
-29 -24
-39 -33
-47 -35
-24 -32
93 -34
-38 -44
0 -56
-12 -90
-3 24
-7 -22
-5 -50
-3 -66
-10 -52
-8 -38
-9 -31
7 -45
-10 -51
-13 -68
-8 -66
-3 -30
-4 -38
1 74
37 -59
6 -79
-7 17
-10 -19
-25 -14
-24 -15
-18 -13
-10 -21
-10 -15
-15 2
-27 -5
-30 -18
-74 -20
-38 -23
-16 -33
127 -26
-60 -3
-53 -30
21 -39
-27 -31
-7 -18
-9 -24
3 -20
-2 -16
-7 -35
-3 -27
-5 -49
-12 -74
1 -70
-4 -52
-10 -35
5 127
24 -128
20 -45
2 36
-24 -36
-20 -22
-20 -11
-16 -6
-10 -19
-8 -23
-21 -21
-20 -15
-36 -19
-64 -5
-68 -18
-38 -20
-128 -19
-10 -34
-39 10
-8 -70
-4 -6
-3 -5
8 -37
1 -28
-4 -18
0 -12
0 -12
-5 -25
-3 -76
4 -76
-5 -63
-7 92
42 10
28 -58
-44 7
19 -26
-28 -17
-21 -17
-6 -15
-7 -18
-20 -24
-23 -22
-28 -20
-86 3
-95 -16
-50 -26
-99 -8
60 -9
-31 -25
-13 -88
-3 -5
-6 -6
-3 -12
0 -3
-6 -11
-2 -14
-5 -27
1 -85
2 -109
-5 -116
2 127
10 -128
25 -47
-9 -21
-68 -23
0 -21
-10 -26
-8 -15
-3 -11
-9 -20
-14 -15
-23 -8
-81 -9
-89 -13
-61 -21
-128 -19
-32 -1
-2 -7
-14 -36
-3 -19
-3 -11
1 -18
-2 -11
-1 -22
-11 -27
11 -35
-2 -71
15 -115
10 -99
-2 73
11 -128
21 43
-11 -12
-61 -23
4 -29
-5 -21
-3 -15
-2 -18
-5 -15
-7 -24
-9 -1
-54 -13
-128 0
-89 -17
-48 -17
-104 -21
7 -34
-10 -63
-2 6
-2 -10
4 -10
-2 -18
-5 -38
-6 -35
9 -43
13 -64
14 -89
17 -80
7 127
27 -128
79 -66
-25 16
0 -15
-23 -17
-23 -13
-20 -14
-20 -14
-24 -11
-24 -7
-34 -11
-69 -18
-82 -16
-39 -18
-128 -26
-56 -60
15 -30
-21 -81
-21 53
-12 -26
-7 -44
-11 -19
-9 -17
-15 -26
-11 -48
-7 -114
-9 -103
11 106
24 -128
41 2
-3 -15
-59 -20
-29 -29
-24 -22
-6 -20
-5 -15
-3 -19
-17 -10
-55 -5
-118 0
-89 -11
-19 -21
39 -24
-29 -13
-22 -31
-18 -45
-12 -8
-11 -7
-4 -8
-14 -19
-3 -28
2 -34
8 -128
3 -121
4 -89
15 -128
19 23
-6 1
-24 -18
-4 -19
-12 -15
-2 -27
6 -19
1 -17
1 -17
-46 13
-67 -5
127 -18
45 -24
-5 41
-6 -45
-11 -78
-5 -2
-4 6
-2 -7
-2 -16
-7 -21
4 -27
6 -79
4 -128
-3 -72
18 -128
57 8
57 8
57 8
57 8
57 8
57 8
-1 -26
-15 -18
-14 -10
-90 -6
-107 -6
127 -19
45 -20
-35 52
7 -35
-5 -82
-4 -7
6 -17
-1 -11
5 -15
-6 -24
-2 -32
-4 -74
5 -128
-5 -93
5 127
5 127
5 127
5 127
28 -25
25 -25
-1 -17
-2 -15
-13 -8
-29 -5
-79 3
-79 3
58 -25
3 -3
-9 23
5 -46
-16 -17
-2 -15
-8 -8
-4 -8
-6 -17
-7 -23
-5 -49
-1 -84
1 -114
6 127
15 -101
13 -29
41 -23
-71 -19
31 -16
-5 -29
2 -26
-12 -26
-24 -19
-86 -4
-116 -12
-43 -10
-112 -14
25 -11
3 -30
-15 -74
-5 17
-8 -16
-2 -13
-6 -14
-9 -26
-13 -25
9 -125
4 -128
-3 -128
4 112
14 -25
-34 -33
47 -5
2 -22
14 -23
-4 -19
-3 -12
-5 -25
-9 -18
-77 -15
-128 -8
127 -13
39 -17
23 30
1 -30
-13 -20
-7 22
-13 -17
-9 -25
-9 -10
-7 -23
5 -46
9 -128
0 -92
13 72
13 -128
15 -72
10 -2
1 -28
-7 -21
-11 -19
-5 -14
-10 -12
-12 -20
-55 -13
-51 -5
-94 -16
117 -22
19 -27
-34 0
-16 -37
-17 -59
-13 24
-12 -18
-7 -22
-6 -24
-12 -36
-8 -83
1 -114
-3 -99
6 127
35 -8
41 -57
-12 -10
-3 -50
-23 -34
-21 -32
-6 -22
-5 -11
-4 -20
-44 -7
-104 -11
-80 8
-51 -10
29 -43
-34 12
-2 -26
-20 -6
-22 -30
-30 -32
-23 -11
-7 -24
1 -20
-12 -60
-4 -112
-9 -109
-9 127
16 5
48 -38
-13 -10
-35 -38
-29 -34
-21 -37
-13 -39
4 -21
-16 -26
-32 5
-88 -14
-103 -7
127 -11
40 -4
-54 -7
0 -45
-18 -66
-21 -25
-25 9
-20 -14
-5 -16
-5 -28
-4 -40
1 -103
-5 -121
-4 -55
15 -128
42 -128
-10 -19
-104 -14
-22 -28
-2 -30
-20 -31
-6 -10
-2 -13
-23 -13
-57 -7
-86 0
-49 -15
127 -7
12 -12
7 26
10 -100
-25 -13
-22 -5
-21 -9
-6 -10
-6 -12
-11 -18
-11 -74
-9 -115
-7 -81
16 127
43 -9
49 -77
-12 -11
-55 -29
-15 -34
-16 -34
-2 -28
-1 -21
-2 -3
-4 -21
-42 -16
-79 -6
24 -21
28 -36
-24 -71
16 -63
-14 -13
-15 -18
-20 -6
-13 -9
-9 -16
3 -27
13 -111
6 -112
-2 -94
14 -128
95 80
-44 -41
-69 -23
-14 -35
-12 -42
3 -36
-2 -30
-6 -23
-17 2
-47 -24
-110 -12
127 -4
25 1
12 -10
11 -80
-21 -27
-21 -14
-21 -2
-17 -9
-5 -9
-9 -14
-3 -36
-2 -128
-9 -128
17 127
19 -128
23 11
-21 -23
-64 -31
5 -30
-12 -40
-11 -33
-9 -20
7 -23
-66 -11
-96 -21
-63 -13
-9 -6
-4 -8
-10 8
-22 -57
-16 -88
-19 2
-21 3
-12 -13
-7 -10
-14 -24
-2 -77
-4 -106
3 -89
17 127
14 -128
-31 -11
-32 -12
13 -52
-19 -31
-9 -23
-6 -5
-10 -21
-45 -17
-72 -8
-59 -11
-38 -15
127 -15
23 28
-17 -80
-19 -29
-20 -11
-14 -21
-15 -13
-9 -6
-13 -18
-13 -23
-9 -58
0 -114
-2 -128
22 127
16 -15
5 -31
-18 -22
-4 -37
0 -22
-11 -27
-3 -27
5 -12
-4 -19
-9 -12
-91 2
-119 -5
-16 -10
12 -16
-21 -20
-13 -44
-11 -52
-8 -20
-8 -8
-10 -11
-8 -5
-6 -21
-9 -37
5 -128
0 -126
9 -64
57 -128
-4 -51
-46 -14
6 -20
-24 -16
-28 -19
-27 -19
-16 -18
-21 -12
-45 -12
-54 -9
-61 -10
-55 -6
-55 -17
-23 -17
-56 -49
21 26
-21 -15
-20 27
-19 -30
-16 -16
-11 -30
-11 -25
-16 -26
-11 -44
-15 -98
-11 -83
-5 127
11 -128
38 -71
-14 -3
7 -10
-65 -23
-17 -29
10 -26
0 -15
-15 -9
-26 -10
-61 1
-93 -20
-98 -7
25 -27
30 -4
4 19
-12 -61
-24 -50
-19 -18
-20 -4
-15 -16
-4 -18
-15 -21
-9 -71
-3 -128
-2 -108
14 127
19 -7
-10 1
3 -25
19 -26
-12 -25
-14 -20
-6 -12
4 -21
-4 -7
-48 -13
-91 -12
-26 -17
-9 -17
-19 -6
-18 -31
-20 -8
-22 -26
-21 -9
-15 -17
-5 -13
-11 -19
-6 -24
1 -66
-3 -128
1 -112
15 85
50 -115
-6 -36
-89 -19
-4 -32
-12 -23
3 -12
-3 -11
-12 -2
-42 -11
-94 -2
-102 -9
-49 -15
-128 -5
-22 26
10 -1
-7 -55
-4 -26
-10 -4
-6 -13
-8 -8
-4 -32
-12 -29
-10 -61
1 -105
7 36
18 -128
12 -28
-12 -1
-67 -29
1 -28
-13 -23
-15 -23
-15 -23
-7 -34
-7 -34
-7 -34
-7 -34
-46 -19
-128 -17
-52 50
-15 -58
-12 -50
-16 -3
-16 -3
-3 -21
-3 -21
-12 -18
-15 -26
-9 -62
-9 -62
-9 -62
-9 -62
18 -101
18 -101
18 -101
18 -101
18 -101
18 -101
18 -101
18 -101
-6 -19
-67 -17
-67 -17
-67 -17
51 -17
51 -17
51 -17
51 -17
-20 -33
-14 -17
-11 -7
-13 -16
-21 -18
13 -61
4 -128
18 -128
16 127
26 5
-31 -28
-53 -46
-5 -24
-10 -23
4 -19
4 -19
0 -27
-6 -23
-71 -6
-128 -10
-98 -10
-128 -15
-61 21
-30 -39
-47 -39
-17 -30
-13 -24
-11 -15
0 -19
-8 -21
-2 -59
0 -120
7 -91
29 127
15 -72
21 -89
12 -17
-118 -28
-15 -23
-15 -20
3 -17
-3 -13
-9 -15
-29 -14
-117 -8
-91 -6
123 -12
20 -18
-8 6
4 -13
-15 -54
-7 6
-16 -14
-6 -10
1 -15
-4 -26
9 -49
11 -128
6 -116
16 127
25 -110
-33 -33
-10 -23
2 -43
-18 -28
-15 -26
-9 -13
-6 -17
-9 6
-39 -20
-96 5
-84 -12
127 -16
-6 -47
-24 -57
-24 -57
-24 -57
-24 -57
-14 -25
-13 -24
-13 -24
-13 -24
4 -84
3 -121
3 -121
3 -121
3 -121
3 -121
-117 -16
-88 -29
-88 -29
-88 -29
-88 -29
-88 -29
-13 -17
-13 -17
-4 5
-90 -5
-7 -22
-45 -39
6 -80
-23 -105
-20 30
-20 -19
-18 -28
-6 -29
2 -32
-9 -51
9 -102
4 -88
4 -68
32 -128
69 -10
-11 -20
-76 -17
-18 -25
-19 -15
-7 -11
-6 -6
-8 -11
-24 -15
-64 -2
-87 8
-86 -17
-128 -13
-34 -35
1 -12
-22 -83
-20 8
-17 -22
-16 -21
-7 -24
-14 -26
-12 -38
-3 -115
-3 -101
5 -85
16 38
52 16
-15 -27
-62 -24
-22 -25
-23 -23
-4 -18
-5 -16
-7 -13
-18 -17
-52 -8
-95 1
-76 -16
127 -17
-52 -18
-10 -72
-14 -107
-17 32
-19 -48
-13 -22
-3 -23
-5 -29
-10 -44
-2 -123
7 -105
-1 -65
14 -38
23 -128
-17 -16
-69 -16
-25 -26
-16 -22
-8 -18
-2 -19
-13 -22
-11 -26
-17 -5
-115 1
-107 6
-45 -17
-18 -19
10 -66
-16 -68
-16 -6
-14 5
-20 2
-14 -21
-10 -21
-15 -24
-15 -25
0 -113
-3 -99
10 100
20 -67
-6 -117
-19 9
-95 -35
-15 -20
-19 -22
-11 -10
-14 -15
-19 -17
-15 -3
-64 -15
-110 -12
-55 -12
-48 -22
-91 -55
-17 -32
-15 -12
-18 -5
-19 -20
-16 -36
-8 -22
0 -6
-7 -26
-3 -48
-4 -102
-4 -85
15 127
21 -128
2 -72
-10 14
-40 4
-15 -14
-4 -22
-7 -13
1 -10
-6 -19
-7 -2
-53 -15
-116 4
-68 -9
83 -21
-25 -37
-5 1
-16 -44
-18 5
-12 23
-12 -72
-2 -16
-7 -15
-10 -28
-12 -46
-3 -98
1 -97
3 -84
8 125
28 -128
4 -52
-58 -9
-54 -34
-15 -18
-12 -24
2 -16
-11 -12
-16 -14
-31 -13
-76 -2
-101 -12
-107 -10
-93 -43
13 -33
-19 -92
-15 11
-12 -6
-14 -16
-4 -31
-9 -18
-2 -24
-2 -84
8 -128
6 -121
22 127
46 -97
-27 -35
-47 -17
-19 -33
-12 -18
-13 -19
-2 -8
-8 -11
-12 -9
-17 -17
-121 -9
-121 -5
-83 -12
-128 -21
-128 29
-5 -72
-20 -44
-13 -9
-9 -24
-10 -22
-4 -20
-4 -20
15 -45
10 -128
7 -128
-3 -117
22 -128
60 103
-19 -77
14 -21
-25 -24
-25 -21
-20 -13
-21 -10
-19 -7
-12 -12
-54 1
-112 3
28 -15
-128 -25
-10 -36
7 -80
7 -124
4 39
7 -32
-6 -11
4 -12
0 -23
-4 -23
-4 -29
3 -128
5 33
41 -128
73 72
-12 -18
-39 -6
-10 -3
-19 -6
-9 -9
-12 -1
-21 -6
-19 -14
-44 2
-87 6
-90 -7
-128 -20
-71 -3
-7 -70
-9 -65
2 20
-5 6
1 -18
-7 -30
0 -21
4 -38
18 -128
6 -128
30 -13
92 -128
-48 -89
-29 4
-26 -6
-32 -11
-12 8
-21 1
-30 5
-54 -1
-71 -7
-83 -17
-65 -25
-128 -26
-44 -1
8 -20
4 15
8 1
-10 -27
1 -21
-4 -20
-2 -37
8 -128
15 -128
24 -20
79 -128
12 127
-27 -8
-19 2
-30 4
-25 11
-18 7
-42 23
-37 3
-36 -7
-88 -24
-101 -19
-128 -5
-64 -30
4 -58
4 -68
12 39
-4 -10
-6 -25
-12 -23
-8 -32
-5 -49
2 -119
5 -115
2 -105
24 -128
45 -7
-6 -35
-19 -20
-3 -23
-8 -6
-10 -20
-12 -14
-16 -11
-51 -12
-126 -5
-126 -12
-104 -14
127 10
30 -16
8 -71
-3 -37
-7 -2
2 -18
4 -11
-2 -24
8 -23
7 -50
12 -128
-6 -110
17 -81
30 -63
13 -74
-24 8
14 -17
-6 0
-9 -18
-6 2
-15 -13
-27 -3
-31 1
-94 -8
-78 -14
-34 -26
-128 -34
13 28
-19 -67
-4 -12
-6 -8
-1 -3
2 -18
-5 -25
-11 -37
-11 -46
1 -98
1 -94
-3 -115
5 127
74 30
-36 -58
-105 -26
-8 -23
-5 -10
-13 -10
-3 -20
-16 -17
-19 -19
-47 2
-128 -8
-123 -18
-128 -8
-123 -23
3 -35
-11 -62
-11 2
-4 13
1 1
-3 -15
-5 -22
-2 -21
-2 -58
11 -128
4 -128
1 -73
47 -35
-30 -29
-37 -21
10 -17
-7 3
-12 -13
-9 -17
-9 -13
-24 -17
-40 -11
-116 -5
-128 -7
-13 -4
-58 -5
-28 -63
-12 -77
2 -5
2 -12
5 -7
0 -4
-5 -21
-7 -26
1 -66
11 -128
3 -122
11 127
9 -101
5 -47
-79 5
-20 -18
13 -15
-10 -25
-3 -21
-7 -9
-15 -10
-43 -7
-128 -3
-115 -9
-8 -8
-25 -10
-19 -72
-17 -61
-4 -8
-2 0
-3 -11
1 1
-2 -14
1 -24
6 -54
11 -120
5 -121
3 -22
66 -128
2 41
-10 -3
-53 -19
-17 -14
-2 -27
6 -24
0 -18
-10 -12
-11 -17
-24 -18
-128 -4
-81 -13
-128 -19
-45 -71
-5 -29
-26 -46
-11 35
-7 -12
-5 -18
-4 -17
3 -22
13 -29
5 -95
5 -128
-1 -70
19 75
76 4
-28 -43
-85 -7
-6 -19
-9 -10
-7 -11
-6 -7
-14 -8
-24 -5
-46 -2
-93 3
-119 -12
-78 -21
8 -21
-1 8
-25 -43
-15 -53
-11 17
-8 7
-4 -20
-11 -29
-17 -33
3 -58
15 -116
3 -115
14 127
53 5
-19 -59
-61 11
11 -29
-17 -19
-12 -16
-5 -9
-11 -12
-14 -9
-15 -5
-81 -3
-110 -5
127 -18
-40 -26
-21 13
-12 -34
-11 -32
-7 6
-10 9
-1 -12
-2 -26
9 -33
9 -117
16 -121
6 -122
10 127
81 -57
-22 -39
-34 -31
11 -25
-14 -15
-8 -15
-5 -23
-13 -5
-6 -19
-61 -5
-128 -2
-128 -3
35 -3
-122 11
-14 -80
-9 -116
0 -6
-5 -1
0 -10
-5 -10
-8 -27
1 -21
9 -75
8 -128
-5 -128
4 -67
25 2
-28 -69
-60 23
-60 23
-72 -35
-8 -15
-10 -14
-15 -9
-20 -7
-75 9
-124 1
-81 -12
56 -18
31 15
-11 -29
-4 -112
-4 -112
-2 -24
1 -11
7 -32
2 -13
-8 -17
-5 -18
-5 -18
-6 -65
-6 -65
-5 -78
18 -27
3 35
3 35
-18 5
-70 -17
-23 -15
-23 -15
-5 -14
1 -18
-4 -10
-19 -20
-43 0
-108 -2
-121 -7
-43 -30
-128 -25
-93 40
-17 -9
-15 -106
-15 -106
-2 -8
-2 -21
-1 -11
-7 -10
-7 -12
-7 -12
-7 -12
-7 -12
-7 -12
-2 -122
-2 -122
-2 -122
-2 -122
-2 -122
-2 -122
-103 -17
-103 -17
-103 -17
-2 -15
-13 -24
-25 -3
-81 5
-92 -7
3 -14
-89 -6
-59 20
6 -22
-14 -102
-6 -36
-4 -18
-3 -18
0 -8
-5 -5
-2 -23
-7 -26
5 -70
7 -128
-2 -125
38 127
38 127
-7 -60
-74 -19
-16 -23
15 -18
-38 -10
-23 -15
3 -25
-4 -16
-16 -9
-39 -20
-112 -22
-118 -16
127 -15
82 -14
2 -14
-14 -128
-12 -34
0 -11
0 -1
1 -6
-10 -13
1 -31
1 -32
16 -73
11 -128
-4 -114
7 44
54 -22
27 -18
-90 -17
-13 -8
-11 0
-7 -9
-6 -6
-4 -6
-12 2
-18 3
-40 -3
-104 -9
-108 -19
-128 -25
-86 -37
10 14
-1 -88
3 -6
3 -4
-2 -27
2 -14
-2 -13
-1 -22
4 -46
3 -121
17 -124
16 -84
20 -128
86 -38
-12 -5
-100 -22
-28 -8
-31 -11
-27 -12
-18 -9
-15 -24
-16 4
-22 -12
-41 -18
-128 -13
-128 -5
-64 -11
-42 -41
-16 -27
-10 -25
-9 -13
-10 -24
-2 -25
-7 -27
-11 -22
-3 -48
15 -69
2 -128
-2 -115
-6 99
15 -2
-4 -59
-53 -13
-17 -19
-12 -12
-10 -16
-2 -15
-4 -11
-12 -3
-24 10
-75 0
-128 -1
-93 -22
-128 -20
85 11
11 -27
-13 -72
-10 -20
5 -4
3 -17
-2 -17
-5 -23
-6 -52
25 -70
19 -112
8 -113
-15 -21
17 -128
77 -43
-35 -47
-42 -29
-22 -24
-17 -13
-7 -15
-18 -7
-9 -8
-14 -5
-47 -5
-113 -6
-120 -6
127 -22
79 -21
-12 38
22 -58
-6 -12
3 -6
-1 -16
1 -12
1 -20
1 -38
6 -55
12 -91
12 -123
-12 -87
21 7
67 5
-17 -33
-108 -6
-18 -21
-10 -5
-5 -11
1 -18
-18 -15
-22 -12
-31 7
-96 -10
-128 -15
127 -9
127 -36
-30 24
-13 -80
-8 -63
1 -1
1 -11
-3 -6
-3 -9
-4 -24
5 -26
3 -71
3 -128
1 -108
22 -128
34 -13
-21 -27
-76 -14
-27 -16
-14 3
-17 -15
-16 -10
-11 -15
-24 5
-43 -5
-117 -9
-128 -19
127 -10
95 -12
-15 -17
2 -36
-7 -47
1 -8
3 -9
1 -8
-2 -18
1 -25
0 -39
7 -127
5 -122
-5 127
3 -128
42 -60
-17 -4
-76 -22
-8 -20
-10 -16
-4 -17
-7 -11
-13 -10
-18 -9
-68 7
-128 7
-42 -14
9 -15
-128 12
-11 -21
-20 -49
-1 -5
4 -17
-4 -13
-8 -16
-13 -19
-4 -34
-5 -43
13 -123
8 -128
1 -96
10 12
13 43
-59 -23
11 -25
-11 -24
-16 -19
-18 -21
-23 -19
-18 -10
-16 2
-43 1
-107 -9
-64 -18
-9 -22
24 -51
-9 3
-9 -52
-9 10
-4 3
-4 -27
10 -37
1 -22
1 -28
-3 -40
9 -90
-5 -76
-2 -74
10 11
57 -128
7 -7
-73 -15
-2 -6
-43 -7
-30 -6
-21 -11
-26 -11
-25 -2
-21 0
-34 -1
-79 -15
-114 -5
127 -20
-19 -24
6 -36
15 -74
-15 -68
-6 -3
4 8
-3 -16
-3 -20
-4 -28
-5 -33
11 -39
12 -128
-1 -108
3 89
21 -9
-16 -27
-16 -11
3 -14
4 -3
-11 -9
-1 -9
-6 -15
-7 -12
-30 -3
-90 -1
-127 -2
-46 -23
58 -31
-20 20
-18 -69
-14 -28
3 -21
-2 -5
1 -14
-7 -17
-5 -17
1 -23
-3 -99
-5 -128
-3 12
16 -128
15 -8
14 -89
-23 -32
-5 -7
-13 -13
-6 -22
-3 -7
-10 -16
-27 11
-71 -7
-122 17
-44 -11
-118 -20
-23 26
-4 -100
-5 -16
2 -22
-3 -4
0 -15
3 -16
-4 -14
-3 -26
-8 -45
11 -128
5 -128
5 -44
14 0
20 -13
-1 -20
-51 -10
-13 -17
-10 -20
-8 -24
-2 -11
-4 0
-36 5
-113 6
-112 -9
-128 -25
-93 -9
-2 -12
-19 -92
-14 1
-3 -31
-5 -14
2 -21
0 -7
-3 -13
-8 -19
8 -89
8 -89
8 -89
8 -128
8 -128
8 -128
8 -128
8 -128
8 -128
8 -128
8 -128
8 -128
8 -128
8 -128
8 -128
8 -128
8 -128
8 -128
8 -128
8 -128
8 -128
8 -128
8 -128
-9 -11
-3 -16
-2 -19
8 -69
10 -128
-4 -128
11 -25
6 13
-30 -22
-68 -23
5 -22
1 -7
1 -7
-2 -19
-6 -6
-5 1
-50 -7
-128 -4
-125 -20
-128 -23
-74 -3
-22 -37
-13 -36
-9 -36
1 -14
1 -14
-3 -11
-6 -21
3 -25
9 -47
17 -128
4 -128
21 127
2 -128
44 -2
-22 2
-28 -14
-21 -5
-24 -18
-6 -10
-11 -7
-17 -11
-24 -7
-42 -14
-122 -3
-118 -13
-103 -13
-103 -13
127 -12
-20 -49
-9 -3
-7 -2
-3 -12
-4 -20
-3 -12
-9 -21
1 -26
2 -77
9 -128
1 -53
3 17
93 13
49 -36
49 -36
-9 -14
-14 -17
-25 -12
-4 -13
-9 -16
-14 -7
-23 -14
-65 -15
-128 -7
-79 -10
-94 -14
25 -25
-30 -31
-14 -7
-8 -10
-5 -21
-7 -24
-13 -27
-8 -20
-5 -33
2 -128
5 -128
6 127
18 -122
30 -54
-31 -32
-5 -16
-28 -6
-14 -10
-3 -12
1 -25
-15 -13
-18 0
-107 1
-128 -9
127 -15
64 -8
-9 39
-11 -62
-8 -60
0 -13
-5 -12
4 -15
-5 -16
2 -22
10 -20
13 -67
8 -128
6 -94
-2 -95
53 15
-9 -43
-88 -26
2 -20
-9 -10
-10 -22
-4 -9
-4 -6
-13 5
-58 6
-128 0
-128 -6
-82 -22
67 -18
-128 33
-13 -47
-13 -47
1 -8
-3 0
-1 -19
2 -19
3 -19
8 -47
11 -128
6 -105
-2 62
9 -128
79 -18
-23 6
-99 -27
-5 -14
-12 -13
-8 -12
1 -15
-12 -14
-17 -16
-45 -4
-127 -8
-108 -7
-128 -12
-128 -7
4 -52
-15 -101
-3 -16
-6 -5
-1 -5
0 -6
-8 -15
-8 -22
1 -53
11 -128
3 -93
16 -91
29 -5
-15 -29
-81 -6
3 -14
-10 -13
-15 -4
-5 -14
-4 -10
-19 -11
-41 14
-128 3
-112 2
127 -13
127 -33
-14 21
-13 -54
-8 -86
2 -17
-3 -6
0 -9
-3 -4
-3 -14
-6 -22
5 -53
4 -128
3 -95
19 -128
42 -7
-23 -29
-115 -11
-16 -11
9 1
0 -19
-6 -15
-8 -16
-14 -8
-43 -4
-128 1
-119 -9
-128 -19
58 -19
-4 33
-10 -71
-12 -34
-4 -3
-3 -2
-4 -4
-10 -18
-2 -29
-4 -40
10 -128
-3 -128
14 127
3 -128
39 -56
5 0
-92 -11
-13 -15
-11 -7
-3 -19
-8 -18
