0.01  -11  -8
0.05  -9  -10
0.09  -9  -10
0.13  -8  -11
0.17  -8  -11
0.21  -8  -11
0.25  -8  -11
0.29  -8  -13
0.33  -8  -13
0.37  4  -12
0.41  2  -10
0.45  -3  -9
0.49  -3  -9
0.53  -13  -15
0.57  -14  -15
0.61  -10  -21
0.65  -10  -21
0.69  -10  -21
0.73  1  -25
0.77  -12  -23
0.81  -8  -24
0.85  -8  -24
0.89  -6  -28
0.93  -6  -28
0.97  -11  15
1.01  -11  15
1.05  -11  15
1.09  -11  -23
1.13  -14  -26
1.17  -14  -26
1.21  -14  -26
1.25  -15  -52
1.29  -21  -87
1.33  -22  -83
1.37  -22  -83
1.42  -22  -83
1.46  -37  -17
1.50  40  -6
1.54  40  -6
1.58  40  -6
1.62  -19  -4
1.66  -31  -8
1.71  -41  -6
1.75  -41  -6
1.79  -40  -5
1.84  -102  -19
1.88  -8  -19
1.92  -8  -19
1.96  -8  -19
2.00  -23  -36
2.04  -9  -30
2.08  -8  39
2.12  -14  -9
2.16  -16  -26
2.20  -15  -30
2.24  -17  -45
2.28  -19  -49
2.32  -22  -56
2.36  -21  -113
2.40  -21  83
2.44  -23  46
2.48  -14  8
2.52  39  -19
2.56  -27  2
2.60  -8  -10
2.64  -1  -9
2.68  -35  -11
2.72  -28  -11
2.76  -51  -12
2.80  -102  -20
2.85  -115  -20
2.89  79  -15
2.93  -19  -8
2.97  -42  -4
3.01  -24  41
3.05  -12  40
3.09  -15  -7
3.13  -16  1
3.17  -16  -40
3.21  -16  -33
3.25  -17  -44
3.29  -18  -56
3.33  -17  -77
3.37  -22  -67
3.41  -20  113
3.45  -7  -24
3.49  -24  -17
3.53  51  0
3.57  34  -1
3.61  -7  -5
3.65  -3  -6
3.69  -29  -10
3.73  -37  -6
3.77  -45  -11
3.81  -69  -16
3.85  -102  -18
3.89  -31  -18
3.93  -70  -11
3.97  -12  4
4.01  -25  -61
4.05  -3  -42
4.09  -16  62
4.13  -19  -9
4.17  -12  -17
4.22  -17  -28
4.26  -14  -51
4.30  -16  -46
4.34  -17  -77
4.39  -22  -100
4.43  -16  72
4.47  -15  -87
4.51  -4  5
4.55  30  -7
4.59  20  -11
4.63  -1  -12
4.67  -10  -9
4.72  -42  -9
4.76  -38  -10
4.81  -50  -8
4.86  -85  -18
4.90  -103  -21
4.95  127  -18
5.00  -104  -12
5.04  -48  -7
5.08  -21  -25
5.12  -4  -17
5.16  -19  33
5.20  -17  -2
5.24  -14  -30
5.28  -17  -33
5.32  -12  -34
5.36  -20  -47
5.40  -20  -84
5.45  -18  -89
5.50  -19  94
5.54  -6  -44
5.58  -30  -24
5.63  36  2
5.67  46  -9
5.72  -5  -10
5.76  -7  -9
5.81  -32  -10
5.85  -42  -11
5.89  -47  -14
5.94  -84  -19
5.98  -93  -22
6.02  33  -21
6.07  -59  -15
6.11  -23  -13
6.16  -24  -30
6.20  -13  -52
6.24  -14  63
6.28  -19  -6
6.31  -15  -22
6.35  -16  -29
6.40  -12  -43
6.44  -10  -53
6.48  -22  -74
6.52  -21  -100
6.56  -19  127
6.61  -18  -26
6.66  -24  -19
6.70  38  -3
6.74  51  -4
6.78  -9  -9
6.83  -8  -7
6.88  -38  -8
6.92  -38  -9
6.96  -61  -11
7.01  -92  -18
7.06  -97  -22
7.10  38  -21
7.14  6  -5
7.19  -24  -5
7.23  -20  -13
7.28  -2  -24
7.32  -21  14
7.36  -13  12
7.41  -17  -21
7.46  -14  -31
7.50  -13  -55
7.54  -11  -51
7.58  -20  -90
7.63  -15  -102
7.68  -17  127
7.73  -8  -81
7.77  -41  -24
7.81  32  -14
7.85  53  -4
7.89  1  -9
7.94  -8  -8
7.98  -34  -10
8.03  -37  -10
8.08  -49  -9
8.12  -108  -16
8.16  -107  -22
8.20  127  -17
8.24  -36  -10
8.28  -20  8
8.33  -19  -59
8.38  -2  -49
8.42  -17  32
8.46  -16  2
8.51  -14  -21
8.56  -17  -27
8.61  -15  -45
8.65  -14  -50
8.69  -19  -118
8.73  -19  -62
8.77  -7  -63
8.82  1  -10
8.87  20  -30
8.91  -44  -4
8.95  -4  -7
8.98  1  -7
9.03  -34  -8
9.06  -34  -9
9.09  -50  -15
9.12  -78  -17
9.15  -121  -18
9.18  -39  -16
9.21  -106  -10
9.24  -32  -9
9.27  -27  -23
9.30  -4  8
9.33  -15  9
9.36  -14  6
9.39  -16  -28
9.43  -14  -37
9.47  -8  -52
9.51  -18  -61
9.55  -15  -104
9.59  -21  -92
9.63  -16  35
9.66  -9  -18
9.71  -44  -30
9.75  -46  -3
9.79  28  -5
9.83  0  -7
9.87  -29  -6
9.91  -31  -8
9.95  -40  -6
10.00  -57  -7
10.04  -108  -15
10.08  -101  -22
10.13  119  -18
10.17  0  4
10.20  -30  -54
10.25  -28  22
10.30  -8  52
10.34  -11  0
10.39  -11  -10
10.44  -14  -28
10.49  -14  -40
10.53  -12  -43
10.57  -21  -70
10.61  -14  -111
10.65  -18  -7
10.70  -12  -84
10.75  -1  5
10.79  -21  -23
10.84  38  -11
10.89  53  -8
10.92  1  -8
10.96  -37  -9
10.99  -35  -9
11.02  -50  -7
11.05  -75  -14
11.08  -110  -18
11.11  42  -18
11.15  -70  -4
11.18  -35  -4
11.22  -30  -36
11.26  -5  -26
11.30  -9  27
11.34  -15  8
11.38  -14  0
11.42  -15  -29
11.46  -10  -44
11.49  -13  -61
11.53  -20  -89
11.57  -19  -81
11.61  -14  127
11.65  9  -8
11.69  -24  -19
11.73  27  2
11.76  53  -8
11.80  29  -7
11.84  -9  -4
11.88  -36  -11
11.91  -41  -12
11.95  -64  -12
11.99  -113  -19
12.02  -105  -19
12.06  127  -16
12.10  -11  -6
12.13  -33  -34
12.17  -28  25
12.21  -7  61
12.25  -14  2
12.29  -13  -4
12.33  -14  -23
12.37  -10  -38
12.41  -13  -49
12.45  -18  -53
12.49  -14  -93
12.53  -12  -10
12.57  -12  -74
12.61  -34  -19
12.64  -64  -47
12.67  51  -9
12.71  -5  -9
12.75  -15  -7
12.78  -42  -10
12.81  -30  -15
12.85  -36  -18
12.89  -116  -16
12.92  -118  -19
12.96  127  -16
13.00  -3  -8
13.03  -19  -43
13.06  -22  46
13.09  -16  15
13.13  -18  -9
13.17  -17  -23
13.20  -18  -31
13.23  -14  -23
13.26  -10  -48
13.29  -19  -75
13.32  -15  -114
13.35  -21  42
13.38  -1  -118
13.42  -29  5
13.46  53  -6
13.50  47  1
13.53  -3  -9
13.56  -9  -7
13.60  -43  -9
13.64  -41  -7
13.67  -42  -13
13.72  -54  -18
13.76  -78  -20
13.80  -25  -22
13.83  76  -21
13.88  0  -7
13.92  -16  -42
13.95  -10  26
13.99  -2  52
14.03  -15  12
14.07  -6  -15
14.11  -13  -41
14.15  -11  -36
14.19  -19  -47
14.23  -16  -53
14.27  -19  -81
14.31  -22  -52
14.35  -18  62
14.39  -18  -21
14.43  -45  -13
14.47  22  -10
14.51  11  1
14.54  6  -1
14.57  -6  -2
14.62  -32  -9
14.66  -33  -8
14.70  -34  -11
14.73  -35  -11
14.77  -71  -21
14.81  -83  -21
14.85  127  -18
14.89  -11  2
14.92  -27  -8
14.96  -19  48
15.00  -11  54
15.04  -19  5
15.08  -10  -17
15.12  -14  -25
15.16  -13  -50
15.20  -17  -46
15.23  -22  -69
15.27  -19  -105
15.30  -20  -43
15.34  -14  -41
15.38  -8  2
15.42  -49  -20
15.46  -37  -7
15.50  17  -5
15.54  1  -9
15.58  -31  -6
15.62  -34  -10
15.66  -44  -10
15.70  -63  -16
15.74  -114  -22
15.78  -55  -21
15.82  -113  -14
15.86  -11  -9
15.90  -29  -38
15.94  -3  -21
15.98  -11  36
16.02  -15  -3
16.06  -16  -19
16.10  -17  -32
16.14  -18  -49
16.18  -10  -45
16.22  -21  -87
16.26  -22  -97
16.30  -23  101
16.34  -17  -52
16.38  -11  -11
16.42  26  -4
16.46  30  -5
16.50  -5  -11
16.54  1  -7
16.58  -27  -13
16.62  -35  -10
16.66  -49  -11
16.70  -81  -19
16.74  -106  -22
16.78  127  -18
16.81  -10  -10
16.85  -33  -10
16.89  -19  18
16.93  -3  9
16.97  -11  9
17.01  -8  -6
17.05  -5  -23
17.09  -13  -30
17.13  -12  -43
17.17  -11  -49
17.21  -19  -63
17.25  -23  -75
17.29  -21  -60
17.33  -10  -65
17.37  4  -67
17.41  -49  -29
17.45  17  -12
17.49  34  -9
17.53  -5  -13
17.57  -22  -7
17.61  -34  -17
17.65  -33  -8
17.69  -57  -12
17.73  -111  -19
17.77  -100  -20
17.81  107  -17
17.85  -11  -5
17.89  -16  -13
17.93  -25  5
17.97  -7  63
18.01  -14  2
18.05  -10  -10
18.09  -13  -35
18.13  -13  -38
18.17  -12  -47
18.21  -20  -47
18.25  -15  -84
18.29  -21  -66
18.33  -20  29
18.37  0  -17
18.41  -22  -39
18.45  7  -4
18.49  17  -3
18.53  -10  -10
18.57  8  -4
18.61  -30  -10
18.65  -39  -9
18.69  -54  -13
18.73  -82  -12
18.77  -96  -23
18.81  52  -19
18.85  -24  -19
18.89  -34  -11
18.93  -32  -42
18.97  -7  -17
19.01  -5  24
19.05  -7  1
19.09  -10  -20
19.13  -15  -35
19.17  -12  -33
19.21  -15  -38
19.25  -15  -50
19.29  -23  -92
19.33  -21  -35
19.37  -14  -57
19.41  4  7
19.45  -45  -24
19.49  23  -14
19.53  33  -3
19.57  -3  -7
19.61  -19  -6
19.65  -32  -9
19.69  -34  -10
19.73  -40  -16
19.76  -66  -21
19.80  -101  -20
19.84  -63  -18
19.88  -42  -13
19.92  -37  -7
19.96  -30  -16
20.00  1  -63
20.04  -16  30
20.08  -14  2
20.12  -14  -25
20.16  -15  -31
20.20  -15  -44
20.24  -16  -49
20.28  -20  -75
20.32  -18  -94
20.36  -15  94
20.40  -10  -72
20.44  -4  10
20.48  2  -24
20.52  -13  -8
20.56  -4  -6
20.60  -3  -7
20.64  -36  -8
20.68  -27  -9
20.72  -41  -10
20.76  -52  -13
20.80  -92  -18
20.84  -93  -22
20.89  85  -17
20.93  3  5
20.97  -20  -45
21.02  -16  55
21.06  -10  38
21.10  -22  -2
21.15  -12  -1
21.20  -14  -33
21.24  -15  -32
21.29  -11  -48
21.33  -19  -56
21.38  -22  -102
21.43  -21  -73
21.48  -16  -92
21.52  2  -10
21.57  -58  -33
21.61  -50  -3
21.66  38  -7
21.70  -7  -8
21.74  -18  -5
21.78  -26  -9
21.82  -39  -9
21.86  -49  -15
21.90  -104  -18
21.94  -105  -20
21.98  127  -21
22.03  -26  -1
22.08  -32  -15
22.12  -30  33
22.16  -7  29
22.20  -15  -8
22.24  -9  -9
22.29  -15  -32
22.33  -18  -41
22.37  -13  -46
22.41  -19  -61
22.46  -23  -97
22.51  -18  -53
22.55  -22  127
22.60  -6  -5
22.65  -48  -25
22.69  -38  -9
22.73  23  -2
22.78  -3  -8
22.82  -19  -4
22.87  -32  -10
22.91  -42  -7
22.96  -56  -11
23.00  -108  -17
23.04  -101  -22
23.09  127  -18
23.13  -14  7
23.17  -42  -36
23.22  -30  51
23.27  -6  48
23.31  -18  -2
23.35  -14  -5
23.40  -18  -27
23.45  -14  -31
23.49  -13  -49
23.54  -17  -75
23.58  -17  -108
23.62  -21  -51
23.66  -6  -87
23.70  2  15
23.75  -22  -49
23.80  -62  -5
23.85  2  -11
23.89  4  -11
23.94  -31  -10
23.99  -29  -11
24.03  -39  -12
24.06  -88  -16
24.11  -128  -21
24.14  65  -21
24.17  -86  -13
24.20  -44  -12
24.23  -13  -43
24.28  -10  -42
24.31  -12  37
24.35  -15  -3
24.38  -11  -11
24.43  -13  -35
24.48  -14  -34
24.53  -10  -49
24.57  -22  -73
24.62  -18  -85
24.67  -22  127
24.72  3  -45
24.76  -12  5
24.79  28  -5
24.82  53  -9
24.85  -6  -8
24.88  4  -6
24.91  -29  -10
24.94  -30  -12
24.97  -60  -16
25.00  -82  -14
25.03  -112  -19
25.07  127  -20
25.10  -47  -13
25.13  -48  -18
25.16  -25  -22
25.19  -10  -43
25.22  -22  15
25.25  -9  -4
25.29  -12  -29
25.32  -13  -41
25.35  -10  -54
25.39  -14  -62
25.42  -21  -116
25.46  -23  -12
25.49  -15  -128
25.53  -10  25
25.57  -6  -21
25.60  -36  -2
25.63  2  -7
25.68  -3  -8
25.71  -22  -6
25.74  -27  -1
25.78  -38  -9
25.81  -48  -17
25.84  -84  -20
25.87  -97  -23
25.91  127  -18
25.95  -13  -6
25.99  -29  -10
26.02  -24  22
26.05  -2  53
26.10  -12  3
26.14  -6  -14
26.18  -13  -30
26.22  -13  -34
26.26  -13  -52
26.30  -13  -58
26.33  -20  -114
26.37  -22  -53
26.41  -22  -52
26.45  -5  -34
26.49  -30  -30
26.53  52  -5
26.57  38  -3
26.61  -5  -8
26.65  -14  -3
26.69  -41  -8
26.73  -41  -4
26.77  -44  -14
26.81  -70  -15
26.85  -101  -20
26.89  12  -19
26.93  -75  -17
26.97  -40  4
27.01  -23  -67
27.05  -6  4
27.09  -3  21
27.13  -11  -1
27.17  -5  -14
27.21  -13  -33
27.25  -9  -42
27.29  -13  -43
27.33  -5  -81
27.37  -18  -78
